1.060660171779821415e+00 1.011660171779821482e+00
2.121320343559642829e+00 1.925320343559642655e+00
3.181980515339464244e+00 2.740980515339463963e+00
4.242640687119285658e+00 3.458640687119285406e+00
5.303300858899106629e+00 4.078300858899106984e+00
6.363961030678927600e+00 4.599961030678927365e+00
7.424621202458748570e+00 5.023621202458748769e+00
8.485281374238569541e+00 5.349281374238570308e+00
9.545941546018390511e+00 5.576941546018391094e+00
1.060660171779821148e+01 5.706601717798212015e+00
1.166726188957803245e+01 5.738261889578033070e+00
1.272792206135785520e+01 5.671922061357855149e+00
1.378858223313767795e+01 5.507582233137677363e+00
1.484924240491750069e+01 5.245242404917497936e+00
1.590990257669732166e+01 4.884902576697315979e+00
1.697056274847714619e+01 4.426562748477140374e+00
1.803122292025696538e+01 3.870222920256956911e+00
1.909188309203678813e+01 3.215883092036779800e+00
2.015254326381661087e+01 2.463543263816600160e+00
2.121320343559643007e+01 1.613203435596421542e+00
2.227386360737625282e+01 6.648636073762403953e-01
